Time	wtime	pss	rss	swap	vmem	rchar	read_bytes	wchar	write_bytes	rx_bytes	rx_packets	tx_bytes	tx_packets	stime	utime	nprocs	nthreads
1772196299	0	14396	17700	0	201688	6593	0	88	0	0	0	0	0	0	0	1	1
1772196301	2	98025	101456	0	201688	6593	0	88	0	60238	255	51415	43	0	0	1	1
1772196303	4	98025	101456	0	201688	6593	0	88	0	99909	525	72798	82	0	0	1	1
1772196305	6	98025	101456	0	201688	6593	0	88	0	124324	816	73556	86	0	0	1	1
1772196307	8	98025	101456	0	201688	6593	0	88	0	150527	1015	87640	108	0	0	1	1
1772196309	10	98025	101456	0	201688	6593	0	88	0	164290	1167	88352	110	0	0	1	1
1772196311	12	98025	101456	0	201688	6593	0	88	0	219693	1400	140918	159	0	0	1	1
1772196313	14	98055	101456	0	201688	6593	0	88	0	243742	1612	147744	178	0	0	1	1
1772196315	16	98055	101456	0	201688	6593	0	88	0	253773	1761	147918	181	0	0	1	1
1772196317	18	98055	101456	0	201688	6593	0	88	0	265815	1947	153060	196	0	0	1	1
1772196319	20	98055	101456	0	201688	6593	0	88	0	284390	2190	158384	202	0	0	1	1
1772196321	22	98055	101456	0	201688	6593	0	88	0	332816	2362	193304	225	0	0	1	1
1772196323	24	98055	101456	0	201688	6593	0	88	0	361439	2583	218380	262	0	0	1	1
1772196325	26	98055	101456	0	201688	6593	0	88	0	382497	2878	219062	267	0	0	1	1
1772196327	28	98055	101456	0	201688	6593	0	88	0	401754	3102	219500	269	0	0	1	1
1772196329	30	98055	101456	0	201688	6593	0	88	0	412932	3264	225556	283	0	0	1	1
1772196331	32	98055	101456	0	201688	6593	0	88	0	454236	3447	255483	295	0	0	1	1
1772196333	34	98055	101456	0	201688	6593	0	88	0	484536	3653	283044	350	0	0	1	1
1772196335	36	98055	101456	0	201688	6593	0	88	0	499967	3854	292384	362	0	0	1	1
1772196337	38	98055	101456	0	201688	6593	0	88	0	511944	4035	297597	370	0	0	1	1
1772196339	40	98055	101456	0	201688	6593	0	88	0	545629	4210	326300	412	0	0	1	1
1772196341	42	98055	101456	0	201688	6593	0	88	0	594141	4420	362711	431	0	0	1	1
1772196343	44	98055	101456	0	201688	6593	0	88	0	615927	4626	369779	450	0	0	1	1
1772196345	46	98055	101456	0	201688	6593	0	88	0	634706	4872	372562	456	0	0	1	1
1772196347	48	98055	101456	0	201688	6593	0	88	0	646082	5052	372702	458	0	0	1	1
1772196349	50	98055	101456	0	201688	6593	0	88	0	661133	5247	374309	462	0	0	1	1
1772196351	52	98055	101456	0	201688	6593	0	88	0	700720	5410	404236	474	0	0	1	1
1772196353	54	98055	101456	0	201688	6593	0	88	0	717772	5605	412068	495	0	0	1	1
1772196355	56	98055	101456	0	201688	6593	0	88	0	871572	5887	418398	599	0	0	1	1
1772196357	58	98055	101456	0	201688	6593	0	88	0	1019956	6179	436824	709	0	0	1	1
1772196359	60	98055	101456	0	201688	6593	0	88	0	1088575	6418	441728	750	0	0	1	1
1772196361	62	98055	101456	0	201688	6593	0	88	0	1147370	6651	497812	805	0	0	1	1
1772196363	64	98055	101456	0	201688	6593	0	88	0	1191055	6915	509817	876	0	0	1	1
1772196365	66	98055	101456	0	201688	6593	0	88	0	1220927	7165	530928	907	0	0	1	1
1772196367	68	98055	101456	0	201688	6593	0	88	0	1237005	7378	530998	908	0	0	1	1
1772196369	70	98055	101456	0	201688	6593	0	88	0	1268992	7938	535642	920	0	0	1	1
1772196371	72	98055	101456	0	201688	6593	0	88	0	1371664	8553	640784	1066	0	0	1	1
1772196373	74	98055	101456	0	201688	6593	0	88	0	1414802	8797	666363	1112	0	0	1	1
1772196375	76	98055	101456	0	201688	6593	0	88	0	1435589	9023	669830	1122	0	0	1	1
1772196377	78	98055	101456	0	201688	6593	0	88	0	1467785	9281	699938	1178	0	0	1	1
1772196379	80	98055	101456	0	201688	6593	0	88	0	1503724	9521	737584	1232	0	0	1	1
1772196381	82	98055	101456	0	201688	6593	0	88	0	1574405	9781	791503	1279	0	0	1	1
1772196383	84	98055	101456	0	201688	6593	0	88	0	1617827	10040	823064	1337	0	0	1	1
1772196385	86	98055	101456	0	201688	6593	0	88	0	1685263	10351	883021	1430	0	0	1	1
1772196387	88	98055	101456	0	201688	6593	0	88	0	1725191	10672	897989	1454	0	0	1	1
1772196389	90	98055	101456	0	201688	6593	0	88	0	1745995	10941	901512	1465	0	0	1	1
1772196391	92	98055	101456	0	201688	6593	0	88	0	1804933	11216	933547	1495	0	0	1	1
1772196393	94	98055	101456	0	201688	6593	0	88	0	1829886	11454	942181	1521	0	0	1	1
1772196395	96	98055	101456	0	201688	6593	0	88	0	1851997	11731	958049	1548	0	0	1	1
1772196397	98	98055	101456	0	201688	6593	0	88	0	1880736	12019	989694	1614	0	0	1	1
1772196399	100	98055	101456	0	201688	6593	0	88	0	1918016	12283	1025541	1675	0	0	1	1
1772196401	102	98055	101456	0	201688	6593	0	88	0	1970797	12574	1063377	1721	0	0	1	1
1772196403	104	98055	101456	0	201688	6593	0	88	0	2001912	12813	1081630	1760	0	0	1	1
1772196405	106	98055	101456	0	201688	6593	0	88	0	2030837	13042	1095338	1785	0	0	1	1
1772196407	108	98055	101456	0	201688	6593	0	88	0	2056782	13368	1098252	1801	0	0	1	1
1772196409	110	98055	101456	0	201688	6593	0	88	0	2090020	13629	1132603	1859	0	0	1	1
1772196411	112	98055	101456	0	201688	6593	0	88	0	2121517	13954	2376267	2839	0	0	1	1
1772196413	114	98055	101456	0	201688	6593	0	88	0	2141842	14201	2379070	2853	0	0	1	1
1772196415	116	98055	101456	0	201688	6593	0	88	0	2154388	14389	2379634	2861	0	0	1	1
1772196417	118	98055	101456	0	201688	6593	0	88	0	2166505	14569	2380099	2867	0	0	1	1
1772196419	120	98055	101456	0	201688	6593	0	88	0	2191664	14810	2380572	2873	0	0	1	1
1772196421	122	98055	101456	0	201688	6593	0	88	0	2206586	15005	2627434	3071	0	0	1	1
1772196423	124	98055	101456	0	201688	6593	0	88	0	2228531	15241	2627913	3077	0	0	1	1
1772196425	126	98055	101456	0	201688	6593	0	88	0	2247801	15465	2630578	3092	0	0	1	1
1772196427	128	98055	101456	0	201688	6593	0	88	0	2277886	15778	2631051	3098	0	0	1	1
1772196429	130	98055	101456	0	201688	6593	0	88	0	2298800	15982	2631586	3105	0	0	1	1
1772196431	132	98055	101456	0	201688	6593	0	88	0	2326129	16234	2639767	3132	0	0	1	1
1772196433	134	98055	101456	0	201688	6593	0	88	0	2353056	16433	2655517	3155	0	0	1	1
1772196435	136	98055	101456	0	201688	6593	0	88	0	2372763	16626	2655517	3155	0	0	1	1
1772196437	138	98055	101456	0	201688	6593	0	88	0	2385958	16843	2662526	3172	0	0	1	1
1772196439	140	98055	101456	0	201688	6593	0	88	0	2400664	17032	2662604	3173	0	0	1	1
1772196441	142	98055	101456	0	201688	6593	0	88	0	2422261	17273	2669315	3180	0	0	1	1
1772196443	144	98055	101456	0	201688	6593	0	88	0	2443515	17521	2669390	3181	0	0	1	1
1772196445	146	98055	101456	0	201688	6593	0	88	0	2509788	17771	2718410	3226	0	0	1	1
1772196447	148	98055	101456	0	201688	6593	0	88	0	2551946	18099	2727765	3251	0	0	1	1
1772196449	150	98055	101456	0	201688	6593	0	88	0	2562954	18261	2729453	3258	0	0	1	1
1772196451	152	98055	101456	0	201688	6593	0	88	0	2577584	18425	2729453	3258	0	0	1	1
1772196453	154	98055	101456	0	201688	6593	0	88	0	2594492	18593	2745314	3283	0	0	1	1
1772196455	156	98055	101456	0	201688	6593	0	88	0	2650648	18811	2794954	3321	0	0	1	1
1772196457	158	98055	101456	0	201688	6593	0	88	0	2666001	18972	2803540	3338	0	0	1	1
1772196459	160	98055	101456	0	201688	6593	0	88	0	2675310	19117	2804134	3339	0	0	1	1
1772196461	162	98055	101456	0	201688	6593	0	88	0	2686200	19281	2804212	3340	0	0	1	1
1772196463	164	98055	101456	0	201688	6593	0	88	0	2699813	19424	2810687	3350	0	0	1	1
1772196465	166	98055	101456	0	201688	6593	0	88	0	2740823	19588	2841278	3364	0	0	1	1
1772196467	168	98055	101456	0	201688	6593	0	88	0	2762629	19798	2847272	3379	0	0	1	1
1772196469	170	98055	101456	0	201688	6593	0	88	0	2773041	19978	2847420	3381	0	0	1	1
1772196471	172	98055	101456	0	201688	6593	0	88	0	2788568	20217	2847420	3381	0	0	1	1
1772196473	174	98055	101456	0	201688	6593	0	88	0	2803956	20462	2848961	3385	0	0	1	1
1772196475	176	98055	101456	0	201688	6593	0	88	0	2844874	20652	2879791	3403	0	0	1	1
1772196477	178	98055	101456	0	201688	6593	0	88	0	2862673	20847	2886717	3425	0	0	1	1
1772196479	180	98055	101456	0	201688	6593	0	88	0	2874173	21033	2887615	3431	0	0	1	1
1772196481	182	98055	101456	0	201688	6593	0	88	0	2886341	21212	2887693	3432	0	0	1	1
1772196483	184	98055	101456	0	201688	6593	0	88	0	2898624	21384	2887838	3434	0	0	1	1
1772196485	186	98055	101456	0	201688	6593	0	88	0	2940069	21591	2917929	3449	0	0	1	1
1772196487	188	98055	101456	0	201688	6593	0	88	0	2957899	21819	2923923	3464	0	0	1	1
1772196489	190	98055	101456	0	201688	6593	0	88	0	2969662	22010	2924001	3465	0	0	1	1
1772196491	192	98055	101456	0	201688	6593	0	88	0	2996376	22441	2932398	3481	0	0	1	1
1772196493	194	98055	101456	0	201688	6593	0	88	0	3031992	23106	2932542	3483	0	0	1	1
1772196495	196	98055	101456	0	201688	6593	0	88	0	3077540	23395	2962590	3497	0	0	1	1
1772196497	198	98055	101456	0	201688	6593	0	88	0	3100194	23612	2979619	3540	0	0	1	1
1772196499	200	98055	101456	0	201688	6593	0	88	0	3112670	23782	2979689	3541	0	0	1	1
1772196501	202	98055	101456	0	201688	6593	0	88	0	3123516	23955	2979767	3542	0	0	1	1
1772196503	204	98055	101456	0	201688	6593	0	88	0	3135264	24118	2979912	3544	0	0	1	1
1772196505	206	98055	101456	0	201688	6593	0	88	0	3173195	24288	3010003	3559	0	0	1	1
1772196507	208	98055	101456	0	201688	6593	0	88	0	3192060	24489	3016705	3581	0	0	1	1
1772196509	210	98055	101456	0	201688	6593	0	88	0	3205814	24704	3017658	3587	0	0	1	1
1772196511	212	98055	101456	0	201688	6593	0	88	0	3218692	24870	3018178	3591	0	0	1	1
1772196513	214	98055	101456	0	201688	6593	0	88	0	3230275	25074	3018276	3592	0	0	1	1
1772196515	216	98055	101456	0	201688	6593	0	88	0	3280251	25361	3053792	3615	0	0	1	1
1772196517	218	98055	101456	0	201688	6593	0	88	0	3293158	25510	3059786	3630	0	0	1	1
1772196519	220	98055	101456	0	201688	6593	0	88	0	3306613	25704	3059856	3631	0	0	1	1
1772196521	222	98055	101456	0	201688	6593	0	88	0	3315150	25844	3059934	3632	0	0	1	1
1772196523	224	98055	101456	0	201688	6593	0	88	0	3325624	26031	3060173	3635	0	0	1	1
1772196525	226	98055	101456	0	201688	6593	0	88	0	3371080	26230	3096177	3655	0	0	1	1
1772196527	228	98055	101456	0	201688	6593	0	88	0	3385221	26399	3102241	3671	0	0	1	1
1772196529	230	98055	101456	0	201688	6593	0	88	0	3402397	26645	3104511	3677	0	0	1	1
1772196531	232	98055	101456	0	201688	6593	0	88	0	3414701	26823	3104511	3677	0	0	1	1
1772196533	234	98055	101456	0	201688	6593	0	88	0	3423855	26970	3104609	3678	0	0	1	1
1772196535	236	98055	101456	0	201688	6593	0	88	0	3492665	27244	3135756	3697	0	0	1	1
1772196537	238	98055	101456	0	201688	6593	0	88	0	3525141	27670	3141825	3713	0	0	1	1
1772196539	240	98055	101456	0	201688	6593	0	88	0	3533767	27829	3142538	3720	0	0	1	1
1772196541	242	98055	101456	0	201688	6593	0	88	0	3548017	28021	3142616	3721	0	0	1	1
1772196543	244	98055	101456	0	201688	6593	0	88	0	3602570	28319	3218083	3836	0	0	1	1
1772196545	246	98055	101456	0	201688	6593	0	88	0	3648379	28513	3249660	3855	0	0	1	1
1772196547	248	98055	101456	0	201688	6593	0	88	0	3673615	28722	3255794	3872	0	0	1	1
1772196549	250	98055	101456	0	201688	6593	0	88	0	3713138	29047	3293614	3949	0	0	1	1
1772196551	252	98055	101456	0	201688	6593	0	88	0	3987968	29605	3392723	4170	0	0	1	1
1772196553	254	98055	101456	0	201688	6593	0	88	0	4455479	30246	3516230	4420	0	0	1	1
1772196555	256	98055	101456	0	201688	6593	0	88	0	4529529	30540	3589436	4492	0	0	1	1
1772196557	258	98055	101456	0	201688	6593	0	88	0	4596747	30983	3645932	4590	0	0	1	1
1772196559	260	98055	101456	0	201688	6593	0	88	0	4656924	31281	3713272	4705	0	0	1	1
1772196561	262	98055	101456	0	201688	6593	0	88	0	4723202	31568	3748303	4778	0	0	1	1
1772196563	264	98055	101456	0	201688	6593	0	88	0	4747861	31825	3766090	4806	0	0	1	1
1772196565	266	98055	101456	0	201688	6593	0	88	0	4824595	32199	3781517	4836	0	0	1	1
1772196567	268	98055	101456	0	201688	6593	0	88	0	4861183	32452	3811770	4887	0	0	1	1
1772196569	270	98055	101456	0	201688	6593	0	88	0	4887399	32765	3833199	4928	0	0	1	1
1772196571	272	98055	101456	0	201688	6593	0	88	0	4924167	33369	3847625	4957	0	0	1	1
1772196573	274	98055	101456	0	201688	6593	0	88	0	4953615	33833	3857452	4981	0	0	1	1
1772196575	276	98055	101456	0	201688	6593	0	88	0	4990948	34348	3867113	5009	0	0	1	1
1772196577	278	98055	101456	0	201688	6593	0	88	0	5024987	34882	3881420	5035	0	0	1	1
1772196579	280	98055	101456	0	201688	6593	0	88	0	5061487	35276	3895492	5060	0	0	1	1
1772196581	282	98055	101456	0	201688	6593	0	88	0	5135222	35610	3915220	5088	0	0	1	1
1772196583	284	98055	101456	0	201688	6593	0	88	0	5163885	35865	3923894	5110	0	0	1	1
1772196585	286	98055	101456	0	201688	6593	0	88	0	5181775	36041	3925483	5116	0	0	1	1
1772196587	288	98055	101456	0	201688	6593	0	88	0	5251833	36318	3969441	5188	0	0	1	1
1772196589	290	98055	101456	0	201688	6593	0	88	0	5280228	36571	3991426	5234	0	0	1	1
1772196591	292	98055	101456	0	201688	6593	0	88	0	5367170	36853	4029268	5320	0	0	1	1
1772196593	294	98055	101456	0	201688	6593	0	88	0	5480949	37190	4076675	5444	0	0	1	1
1772196595	296	98055	101456	0	201688	6593	0	88	0	5574242	37564	4111085	5501	0	0	1	1
1772196597	298	98055	101456	0	201688	6593	0	88	0	5611609	37782	4140894	5554	0	0	1	1
1772196599	300	98055	101456	0	201688	6593	0	88	0	5642076	37971	4148049	5566	0	0	1	1
